Spawn:
  x: 1859.052893758009
  y: 64.5625
  z: 146.70843557318742
  yaw: 149.67627
  pitch: 35.25001
  world: world
